0 1790171707028
0 1790171707028
1 1790171707045
2 1790171707245
3 1790171707488
4 1790171707512
5 1790171707562
6 1790171707589
7 1790171707610
8 1790171707783
9 1790171707802
10 1790171707829
9 1790171707838
10 1790171707857
11 1790171707881
12 1790171708389
13 1790171708554
12 1790171708644
13 1790171709162
14 1790171709180
15 1790171709202
16 1790171709227
17 1790171709299
18 1790171709396
19 1790171709421
20 1790171709439
19 1790171709451
20 1790171709976
21 1790171710045
20 1790171710256
21 1790171710267
22 1790171710529
23 1790171710556
24 1790171710602
25 1790171710627
26 1790171710649
27 1790171710677
28 1790171710786
29 1790171710886
30 1790171710912
31 1790171710938
30 1790171711063
31 1790171711497
32 1790171711519
33 1790171711544
34 1790171711564
35 1790171711586
36 1790171711720
37 1790171711747
38 1790171711770
37 1790171711869
38 1790171711906
39 1790171712020
38 1790171712675
39 1790171712707
40 1790171712729
41 1790171712805
42 1790171712980
43 1790171713006
44 1790171713026
45 1790171713141
46 1790171713236
47 1790171713262
48 1790171713431
47 1790171713479
48 1790171713495
49 1790171714121
50 1790171714165
49 1790171714283
50 1790171714302
51 1790171714357
52 1790171714379
53 1790171714579
54 1790171714624
55 1790171714645
56 1790171714672
57 1790171714690
58 1790171714712
59 1790171714739
60 1790171714762
59 1790171715089
60 1790171715195
61 1790171715224
62 1790171715491
63 1790171715741
64 1790171715766
65 1790171715818
66 1790171715841
67 1790171715863
68 1790171715888
67 1790171715895
68 1790171716029
69 1790171716057
70 1790171716079
71 1790171716107
72 1790171716256
73 1790171716497
74 1790171716518
75 1790171716543
76 1790171716569
75 1790171716701
76 1790171717066
77 1790171717142
78 1790171717162
79 1790171717190
80 1790171717215
81 1790171717265
82 1790171717288
83 1790171717494
82 1790171717508
83 1790171718265
82 1790171718314
83 1790171718386
84 1790171718427
85 1790171718508
86 1790171718895
87 1790171719058
86 1790171719122
87 1790171719160
88 1790171719564
89 1790171719584
90 1790171719679
91 1790171719701
92 1790171719726
93 1790171719748
94 1790171719794
95 1790171719915
94 1790171719928
95 1790171719936
96 1790171719961
97 1790171720062
98 1790171720136
99 1790171720160
100 1790171720183
101 1790171720203
102 1790171720228
103 1790171720469
104 1790171720491
105 1790171720512
106 1790171720540
107 1790171720564
106 1790171720734
107 1790171720804
108 1790171721139
109 1790171721478
108 1790171721540
109 1790171721740
110 1790171721763
111 1790171721792
112 1790171721840
113 1790171721860
114 1790171722171
115 1790171722342
114 1790171722345
115 1790171722395
116 1790171722561
117 1790171722578
118 1790171722606
119 1790171722870
120 1790171722893
121 1790171722919
122 1790171722939
123 1790171722967
124 1790171722996
125 1790171723016
124 1790171723151
125 1790171723279
126 1790171723498
127 1790171723522
128 1790171723773
127 1790171723954
128 1790171724038
129 1790171724063
130 1790171724089
131 1790171724438
132 1790171724476
133 1790171724488
134 1790171724633
135 1790171724662
134 1790171724756
135 1790171725102
136 1790171725128
137 1790171725328
138 1790171725521
137 1790171725562
138 1790171725621
139 1790171725642
140 1790171725806
141 1790171725834
142 1790171725858
143 1790171725907
144 1790171725934
145 1790171725958
146 1790171725997
147 1790171726020
148 1790171726115
149 1790171726136
150 1790171726161
151 1790171726187
152 1790171726212
153 1790171726237
152 1790171726366
153 1790171726455
154 1790171726478
155 1790171726503
156 1790171726528
157 1790171726791
158 1790171726912
159 1790171726933
158 1790171727172
159 1790171727434
160 1790171727576
161 1790171727628
162 1790171727653
163 1790171727678
164 1790171727699
165 1790171727822
166 1790171727847
165 1790171727979
166 1790171728035
167 1790171728062
168 1790171728102
169 1790171728126
170 1790171728239
171 1790171728311
172 1790171728398
173 1790171728400
174 1790171728427
175 1790171728452
176 1790171728597
175 1790171728783
176 1790171728839
177 1790171728864
178 1790171728889
179 1790171728912
180 1790171728962
181 1790171729015
182 1790171729037
183 1790171729411
182 1790171729592
183 1790171729840
184 1790171729887
185 1790171730090
186 1790171730112
187 1790171730141
188 1790171730297
189 1790171730366
190 1790171730394
189 1790171730398
190 1790171730645
191 1790171730657
192 1790171730678
193 1790171730707
194 1790171730731
195 1790171730827
196 1790171730851
197 1790171730876
198 1790171730974
197 1790171731200
198 1790171731328
199 1790171731419
200 1790171731490
201 1790171731899
202 1790171731929
203 1790171731976
202 1790171732007
203 1790171732458
204 1790171732719
205 1790171732744
206 1790171732770
207 1790171732791
206 1790171732812
207 1790171733081
208 1790171733106
209 1790171733128
210 1790171733350
211 1790171733494
210 1790171733620
211 1790171733677
212 1790171733707
213 1790171733728
214 1790171733928
215 1790171734045
216 1790171734141
217 1790171734240
217 1790171734421
217 1790171734421
218 1790171734593
219 1790171734612
220 1790171734641
219 1790171735228
220 1790171735307
221 1790171735328
222 1790171735353
223 1790171735546
224 1790171735788
225 1790171735831
226 1790171735965
227 1790171735991
226 1790171736035
227 1790171736181
228 1790171736419
229 1790171736445
230 1790171736461
231 1790171736488
232 1790171736512
233 1790171736650
234 1790171736766
235 1790171736786
236 1790171736814
235 1790171736839
236 1790171736905
237 1790171736957
238 1790171736983
239 1790171737000
240 1790171737034
241 1790171737045
242 1790171737070
243 1790171737120
244 1790171737145
245 1790171737166
244 1790171737645
245 1790171737865
246 1790171737887
247 1790171737909
248 1790171737931
249 1790171738074
250 1790171738190
251 1790171738212
252 1790171738310
253 1790171738332
254 1790171738411
255 1790171738411
254 1790171738449
255 1790171738542
256 1790171738561
257 1790171738677
258 1790171738697
259 1790171738727
260 1790171738772
261 1790171738795
262 1790171738820
263 1790171738845
264 1790171738870
265 1790171738895
266 1790171738994
267 1790171739019
266 1790171739278
267 1790171739470
268 1790171740027
267 1790171740084
268 1790171740378
269 1790171740482
270 1790171740719
269 1790171740891
270 1790171741056
271 1790171741203
272 1790171741224
273 1790171741376
272 1790171741695
273 1790171741949
274 1790171741973
275 1790171742162
276 1790171742183
277 1790171742324
278 1790171742350
279 1790171742370
278 1790171742501
279 1790171742776
280 1790171742801
281 1790171743036
282 1790171743156
283 1790171743178
284 1790171743206
285 1790171743301
284 1790171743307
285 1790171743340
286 1790171743587
287 1790171743789
288 1790171743812
287 1790171744117
288 1790171744138
289 1790171744355
290 1790171744500
291 1790171744532
292 1790171744550
293 1790171744811
294 1790171744856
293 1790171744923
294 1790171745136
295 1790171745181
296 1790171745202
297 1790171745226
298 1790171745245
299 1790171745272
300 1790171745321
301 1790171745421
302 1790171745446
303 1790171745463
302 1790171745728
303 1790171745841
304 1790171746058
305 1790171746302
306 1790171746487
305 1790171746535
306 1790171746678
307 1790171746781
308 1790171746804
309 1790171746829
310 1790171746855
311 1790171746950
312 1790171747137
313 1790171747162
314 1790171747186
315 1790171747208
316 1790171747331
315 1790171747343
316 1790171747353
317 1790171747628
318 1790171747784
319 1790171747812
320 1790171747862
321 1790171747906
322 1790171747935
323 1790171747962
324 1790171747983
325 1790171748076
326 1790171748103
325 1790171748145
326 1790171748338
327 1790171748768
328 1790171748913
327 1790171748946
328 1790171748988
329 1790171749011
330 1790171749128
331 1790171749203
332 1790171749519
333 1790171749544
334 1790171749570
335 1790171749668
336 1790171749688
337 1790171749714
336 1790171749756
337 1790171749830
338 1790171750172
339 1790171750320
340 1790171750515
339 1790171750563
340 1790171750584
341 1790171750656
342 1790171750678
343 1790171750701
344 1790171750728
345 1790171750780
346 1790171750969
347 1790171751117
348 1790171751139
349 1790171751162
350 1790171751189
351 1790171751360
350 1790171751370
351 1790171751384
352 1790171751403
353 1790171751428
354 1790171751569
355 1790171751590
356 1790171751619
357 1790171751645
358 1790171751803
359 1790171751828
360 1790171751853
359 1790171752176
360 1790171752402
361 1790171752569
362 1790171752693
363 1790171752720
364 1790171752745
365 1790171752766
364 1790171752978
365 1790171753266
366 1790171753291
367 1790171753312
368 1790171753622
369 1790171753645
370 1790171753670
371 1790171753721
372 1790171753741
371 1790171753781
372 1790171753783
373 1790171753811
374 1790171753928
375 1790171754004
376 1790171754031
377 1790171754144
378 1790171754213
379 1790171754260
380 1790171754519
379 1790171754583
380 1790171754617
381 1790171754634
382 1790171754660
383 1790171755129
382 1790171755391
383 1790171755672
384 1790171755814
385 1790171755865
384 1790171756195
385 1790171756297
386 1790171756322
387 1790171756348
388 1790171756748
389 1790171756845
390 1790171756871
391 1790171756892
390 1790171757004
391 1790171757187
392 1790171757283
391 1790171757808
392 1790171758129
393 1790171758170
394 1790171758196
395 1790171758323
394 1790171758621
395 1790171758844
396 1790171758915
397 1790171758934
398 1790171758966
399 1790171758989
400 1790171759007
401 1790171759144
402 1790171759174
403 1790171759199
402 1790171759428
403 1790171759588
404 1790171760002
405 1790171760020
406 1790171760050
407 1790171760075
408 1790171760094
409 1790171760119
408 1790171760232
409 1790171760278
410 1790171760303
411 1790171760328
412 1790171760353
413 1790171760697
414 1790171760868
413 1790171761034
414 1790171761307
415 1790171761381
416 1790171761407
417 1790171761453
418 1790171761477
419 1790171761498
420 1790171761758
421 1790171761806
422 1790171761824
421 1790171761837
422 1790171761852
423 1790171761877
424 1790171762208
425 1790171762234
424 1790171762643
425 1790171762707
426 1790171762753
427 1790171762778
428 1790171763262
429 1790171763385
430 1790171763405
429 1790171763452
430 1790171763929
429 1790171764259
430 1790171764362
431 1790171764385
430 1790171765067
429 1790171765878
428 1790171766685
427 1790171767488
426 1790171768298
425 1790171769102
424 1790171769926
423 1790171770802
422 1790171771611
421 1790171772419
420 1790171773227
421 1790171773836
420 1790171774033
419 1790171774836
418 1790171775641
417 1790171776448
416 1790171777256
415 1790171778060
414 1790171778865
413 1790171779673
412 1790171780478
411 1790171781285
410 1790171782093
409 1790171782908
408 1790171783725
409 1790171783845
410 1790171783847
409 1790171784532
408 1790171785346
407 1790171786157
406 1790171786964
405 1790171787767
404 1790171788583
403 1790171789393
402 1790171790198
401 1790171791002
400 1790171791816
399 1790171792623
398 1790171793432
397 1790171794247
396 1790171795053
395 1790171795858
394 1790171796660
393 1790171797466
392 1790171798271
391 1790171799079
390 1790171799884
389 1790171800691
388 1790171801497
387 1790171802302
386 1790171803109
385 1790171803910
384 1790171804715
383 1790171805522
382 1790171806328
381 1790171807139
380 1790171807947
379 1790171808752
378 1790171809554
377 1790171810361
376 1790171811182
375 1790171811988
374 1790171812798
373 1790171813604
372 1790171814409
371 1790171815221
370 1790171816027
369 1790171816843
368 1790171817650
367 1790171818456
366 1790171819278
365 1790171820099
364 1790171820903
363 1790171821722
362 1790171822543
361 1790171823351
360 1790171824157
359 1790171824974
358 1790171825777
357 1790171826593
356 1790171827400
355 1790171828207
354 1790171829011
353 1790171829820
352 1790171830633
351 1790171831440
350 1790171832253
349 1790171833058
348 1790171833869
347 1790171834695
346 1790171835523
345 1790171836335
344 1790171837150
343 1790171837960
342 1790171838766
341 1790171839576
340 1790171954027
339 1790171954880
338 1790171955714
337 1790171956524
336 1790171957357
335 1790171958177
334 1790171959002
333 1790171959814
332 1790171960621
331 1790171961435
330 1790171962242
329 1790171963056
328 1790171963872
327 1790171964679
326 1790171965502
325 1790171966310
324 1790171967120
323 1790171967932
322 1790171968748
321 1790171969568
320 1790171970374
319 1790171971191
318 1790171972005
317 1790171972819
316 1790171973632
315 1790171974446
314 1790171975250
313 1790171976063
312 1790171976891
311 1790171977703
310 1790171978514
309 1790171979320
308 1790171980142
307 1790171980946
306 1790171981752
305 1790171982564
304 1790171983378
303 1790171984186
302 1790171984999
301 1790171985805
300 1790171986619
299 1790171987433
298 1790171988241
297 1790171989052
296 1790171989863
295 1790171990671
294 1790171991504
293 1790171992312
292 1790171993119
291 1790171993933
290 1790171994742
289 1790171995560
288 1790171996366
287 1790171997179
286 1790171998017
285 1790171998829
284 1790171999634
283 1790172000438
282 1790172001271
281 1790172042292
280 1790172043101
279 1790172043914
278 1790172044726
277 1790172045530
276 1790172046342
275 1790172047144
274 1790172047947
273 1790172048764
272 1790172049576
271 1790172050380
270 1790172051217
269 1790172052044
268 1790172052898
267 1790172053715
266 1790172054530
265 1790172055546
264 1790172056368
263 1790172057210
262 1790172058066
261 1790172058895
260 1790172059711
259 1790172060527
258 1790172061344
257 1790172062167
256 1790172062986
255 1790172063806
254 1790172064622
253 1790172065428
252 1790172066243
251 1790172067048
250 1790172067861
249 1790172068675
248 1790172069490
247 1790172070304
246 1790172071118
245 1790172071930
244 1790172072740
243 1790172073556
242 1790172074368
241 1790172075182
240 1790172075994
239 1790172076810
238 1790172077641
237 1790172078447
236 1790172079264
235 1790172080076
234 1790172080890
233 1790172081699
232 1790172082509
231 1790172083326
230 1790172084134
229 1790172084940
228 1790172085746
227 1790172086560
226 1790172087374
225 1790172088192
224 1790172864055
223 1790172864871
222 1790172865687
221 1790172866499
220 1790172867313
219 1790172868125
218 1790172868932
217 1790172869748
216 1790172870561
215 1790172871388
214 1790172872224
213 1790172873034
212 1790172873853
211 1790172874661
210 1790172875476
209 1790172876293
208 1790172877103
207 1790172877917
206 1790172878730
205 1790172879541
204 1790172880351
203 1790172881162
202 1790172881971
201 1790172882786
200 1790172883600
199 1790172884409
198 1790172885220
197 1790172886025
196 1790172886847
195 1790172887653
194 1790172888474
193 1790172889287
192 1790172890093
191 1790172890905
190 1790172891720
189 1790172892527
188 1790172893337
187 1790172894148
186 1790172894966
185 1790172895797
184 1790172896606
183 1790172897428
182 1790172898239
181 1790172899043
180 1790172899864
179 1790172900671
178 1790172901478
177 1790172902291
176 1790172903095
175 1790172903905
174 1790172904709
173 1790172905521
172 1790172906334
171 1790172907150
170 1790172907955
169 1790172908762
168 1790172909583
167 1790172910390
166 1790173681151
165 1790173681962
164 1790173682777
163 1790173683594
162 1790173684411
161 1790173685228
160 1790173686041
159 1790173686855
158 1790173687667
157 1790173688474
156 1790173689295
155 1790173690106
154 1790173690919
153 1790173691734
152 1790173692550
151 1790173693367
150 1790173694181
149 1790173695001
148 1790174495377
147 1790174496200
146 1790174497014
145 1790174497829
144 1790174498651
143 1790174499470
142 1790174500285
141 1790174501101
140 1790174501924
139 1790174502738
138 1790174503556
137 1790174504362
136 1790174505175
135 1790174505990
134 1790174506810
133 1790174507618
132 1790174508437
131 1790174509260
130 1790174510077
129 1790174510884
128 1790174511696
127 1790174512509
126 1790174513329
125 1790174514149
124 1790174514962
123 1790174515780
122 1790174516599
121 1790174517412
120 1790174518227
119 1790174519039
118 1790174519857
117 1790174520665
116 1790174521485
115 1790174522298
114 1790174523111
113 1790174523943
112 1790174524760
111 1790174525572
110 1790174526390
109 1790174527201
108 1790174528014
107 1790174528824
106 1790174529634
105 1790174530461
104 1790174531278
103 1790174532092
102 1790174532903
101 1790174533718
100 1790174534531
99 1790174535368
98 1790174536184
97 1790174537000
96 1790174537813
95 1790174538629
94 1790174539447
93 1790174540261
92 1790174541079
91 1790174541890
90 1790175312681
89 1790175313497
88 1790175314338
87 1790175315147
86 1790175315962
85 1790175316775
84 1790175317582
83 1790175318397
82 1790175319218
81 1790175320031
80 1790175320846
79 1790175321667
78 1790175322488
77 1790175323308
76 1790175324121
75 1790175324931
74 1790175325815
73 1790175326651
72 1790175327467
71 1790175328275
70 1790175329097
69 1790175329920
68 1790175330735
67 1790175331583
66 1790175332397
65 1790175333213
64 1790175334031
63 1790175334850
62 1790175335657
61 1790175336483
60 1790175337297
59 1790175338109
58 1790175338924
57 1790175339728
56 1790175340539
55 1790175341353
54 1790175342171
53 1790175342987
52 1790175343805
51 1790175344612
50 1790175345426
49 1790175346236
48 1790175347042
47 1790175347858
46 1790175348677
45 1790175349493
44 1790175350303
43 1790175351123
42 1790175351944
41 1790175352762
40 1790175353583
39 1790175354395
38 1790175355213
37 1790175356023
36 1790175356832
35 1790175357643
34 1790175358447
33 1790176129296
32 1790176130115
31 1790176130934
30 1790176131748
29 1790176132564
28 1790176133375
27 1790176134193
26 1790176135024
25 1790176135830
24 1790176136644
23 1790176137455
22 1790176138273
21 1790176139095
20 1790176139908
19 1790176140727
18 1790176141553
17 1790176142376
16 1790176143203
15 1790176144020
14 1790176144842
13 1790176145655
12 1790176146475
11 1790176147290
10 1790176148107
9 1790176148921
8 1790176149734
7 1790176150543
6 1790176151362
5 1790176152175
4 1790176152995
3 1790176153810
2 1790176154623
1 1790176155441
0 1790176156256
